2.800	        0.00	1.18951E+03	6.18725E+10	6.10115E+10
1.10027383E+01  0.00    1.11362E+03	5.45560E+10	5.30459E+10
1.68710210E+01 -18.93	8.68870E+02	2.26907E+10	3.37672E+10
2.29641225E+01 -8.87	7.35790E+02	1.26547E+10	2.53839E+10
3.23076383E+01 -4.25	5.66230E+02	5.39730E+09	1.65096E+10
4.15730197E+01 -3.09	4.77510E+02	2.95524E+09	1.04400E+10
5.04110617E+01 -2.05	3.85140E+02	1.53489E+09	5.97308E+09
5.85344352E+01 -1.29	2.91660E+02	7.71509E+08	3.04985E+09
6.57500952E+01	-0.92	2.21770E+02	4.29167E+08	1.66656E+09
7.19674921E+01	-0.67	1.53750E+02	2.08212E+08	8.15025E+08
7.71859743E+01	-0.57	1.08930E+02	1.08707E+08	4.60660E+08
7.87133469E+01	-0.54	9.51800E+01	8.39391E+07	3.59048E+08
8.01402166E+01	-0.57	8.23400E+01	6.30619E+07	2.96049E+08
8.27084849E+01	-0.55	6.82800E+01	4.42760E+07	2.17147E+08
8.49251565E+01	-0.59	5.44700E+01	2.83398E+07	1.55000E+08
8.68264859E+01	-0.69	4.06500E+01	1.44813E+07	1.00370E+08
8.84486629E+01	-0.79	2.52000E+01	4.49695E+06	4.17163E+07
8.91660000E+01	-0.96	1.54200E+01	1.02747E+06	1.27145E+07